3 0.397478 0.095395 0.010965 0.018275
3 0.408169 0.135965 0.010965 0.018275
3 0.507950 0.209430 0.013706 0.018275
2 0.606908 0.223319 0.013706 0.018275
3 0.378015 0.253838 0.015351 0.018640
3 0.352522 0.258041 0.013706 0.014620
3 0.296738 0.276316 0.013432 0.019737
3 0.381442 0.312683 0.013432 0.020102
3 0.404194 0.331689 0.015077 0.020102
3 0.290707 0.341374 0.016173 0.019737
3 0.225192 0.367325 0.013432 0.018275
3 0.432840 0.373173 0.013706 0.021930
3 0.506305 0.383955 0.012610 0.016447
2 0.373218 0.417763 0.007950 0.011696
3 0.361979 0.428911 0.012884 0.019371
2 0.378838 0.434393 0.012610 0.014985
3 0.396382 0.464547 0.013706 0.018275
2 0.444353 0.462354 0.013706 0.018275
3 0.338953 0.483187 0.016173 0.016082
3 0.578947 0.494335 0.012610 0.016447
3 0.420367 0.511148 0.013432 0.018640
2 0.336897 0.565607 0.010965 0.016447
3 0.355537 0.629569 0.010965 0.018640
3 0.388706 0.641813 0.012610 0.021930
3 0.332374 0.638158 0.011239 0.016082
3 0.303454 0.652778 0.010965 0.016082
3 0.412144 0.788560 0.014529 0.017178
