1 0.423383 0.175073 0.012336 0.014620
1 0.391173 0.181835 0.009320 0.012792
1 0.549068 0.285636 0.009868 0.015716
1 0.526042 0.344298 0.010965 0.016082
1 0.625548 0.355811 0.009320 0.012792
1 0.435581 0.371162 0.008772 0.012061
1 0.652001 0.370066 0.008498 0.012061
1 0.447231 0.379569 0.009594 0.012061
1 0.518777 0.380117 0.008498 0.013889
1 0.332100 0.397844 0.010143 0.011330
1 0.261787 0.418677 0.008224 0.011330
1 0.283443 0.421601 0.008772 0.012061
1 0.503838 0.431287 0.010965 0.014620
1 0.339638 0.437317 0.008772 0.012061
1 0.299068 0.444810 0.008772 0.012427
1 0.245614 0.456689 0.009320 0.011330
1 0.405976 0.473136 0.010417 0.012061
1 0.246573 0.493056 0.009594 0.012427
1 0.402686 0.508041 0.007675 0.011696
1 0.529057 0.556287 0.010965 0.014620
1 0.509868 0.567434 0.009868 0.014254
1 0.216009 0.583333 0.009868 0.013158
1 0.489446 0.594298 0.010143 0.012427
1 0.533306 0.622076 0.009594 0.013158
1 0.443531 0.639437 0.009320 0.011330
1 0.446272 0.654971 0.008772 0.010234
1 0.419682 0.700841 0.010417 0.012792
